1 982 C 2
2 1129 B 2
3 2973 C 2
4 2661 C 4
5 2616 C 4
6 2132 B 10
7 1628 A 6
8 2847 A 8
9 1139 B 6
10 1036 A 10
11 2823 C 2
12 2081 A 4
13 2920 B 2
14 2551 B 4
15 2138 C 6
16 2949 C 5
17 1575 B 6
18 1905 A 7
19 1780 B 2
20 1988 C 6
21 1522 B 1
22 1442 B 9
23 856 B 6
24 1439 B 6
25 2027 C 10
26 822 B 1
27 2497 B 3
28 2583 A 9
29 2748 B 2
30 2564 A 7
31 2143 C 5
32 2420 B 10
33 802 A 2
34 1585 C 2
35 1242 C 7
36 2884 C 1
37 2384 B 4
38 1197 A 6
39 2386 C 4
40 842 B 8
41 2534 B 1
42 1163 A 4
43 1743 B 8
44 2826 C 9
45 1898 A 7
46 2631 A 10
47 2573 C 5
48 1534 A 6
49 2116 C 7
50 2326 B 1
51 2009 B 4
52 2324 C 6
53 859 C 8
54 2037 A 9
55 1690 C 7
56 2329 A 1
57 2848 C 8
58 1783 C 6
59 2884 C 1
60 2584 A 1
61 2945 C 5
62 2905 C 4
63 1388 B 9
64 1592 C 2
65 1350 A 6
66 1932 C 2
67 1343 A 9
68 2141 C 6
69 960 A 6
70 2211 A 7
71 2941 A 3
72 1120 B 8
73 1817 C 2
74 2245 C 6
75 2424 A 6
76 2222 C 6
77 2395 B 10
78 2355 B 3
79 2913 B 4
80 2892 A 10
81 1281 B 7
82 1772 A 4
83 1547 B 5
84 1890 C 10
85 2043 B 7
86 2347 C 3
87 1240 B 4
88 2803 A 10
89 1659 B 2
90 1990 C 7
91 1222 B 10
92 2515 C 8
93 2337 B 8
94 1855 C 5
95 2717 B 6
96 1420 B 4
97 2668 B 5
98 2896 B 1
99 1231 B 1
100 1448 B 7
101 1273 C 8
102 2372 C 9
103 2729 B 5
104 1467 B 6
105 2178 C 2
106 2583 B 10
107 1472 C 6
108 2693 B 6
109 1799 C 4
110 2373 C 3
111 1463 A 9
112 874 C 4
113 1205 A 3
114 1449 C 8
115 912 B 3
116 2427 B 9
117 2736 B 4
118 1942 B 4
119 1904 B 8
120 2162 C 8
121 2071 B 1
122 1878 C 9
123 1282 C 7
124 1567 A 3
125 1559 A 2
126 2458 A 3
127 1906 C 9
128 2712 A 1
129 948 A 6
130 1482 C 1
131 1571 C 8
132 2379 B 4
133 1657 C 10
134 957 C 5
135 2330 B 3
136 1032 B 10
137 1686 A 2
138 1766 C 10
139 2688 A 3
140 896 A 7
141 2669 C 10
142 1597 B 2
143 2618 C 5
144 1054 B 9
145 1899 B 1
146 1001 C 4
147 1963 A 8
148 2270 B 3
149 1973 B 9
150 1913 C 10
151 2117 B 1
152 2651 B 10
153 2198 C 10
154 1628 B 5
155 2902 A 5
156 1023 C 7
157 2879 A 1
158 1084 C 5
159 2756 B 8
160 1254 B 6
161 1575 C 6
162 2401 C 3
163 1016 C 6
164 989 B 10
165 2337 A 7
166 1853 B 7
167 2115 B 3
168 2874 A 2
169 2746 B 6
170 2296 C 5
171 2870 C 4
172 2515 B 5
173 1290 B 1
174 1968 B 2
175 2382 A 9
176 1929 B 4
177 2243 C 4
178 2197 B 1
179 899 C 6
180 1350 B 7
181 2479 C 5
182 2347 C 5
183 1102 A 4
184 2886 A 1
185 2829 A 10
186 943 A 2
187 2843 C 5
188 1275 C 10
189 2031 C 10
190 1487 B 8
191 1451 A 7
192 2306 B 8
193 1273 C 5
194 1476 B 1
195 936 C 8
196 1122 A 5
197 1144 C 2
198 1550 A 5
199 1252 A 5
200 2589 C 7
201 2312 B 1
202 1354 A 9
203 923 A 6
204 2012 C 5
205 1177 A 1
206 2727 C 4
207 1838 C 9
208 2322 C 3
209 2788 C 8
210 2229 C 1
211 2710 C 1
212 1490 B 3
213 1372 B 9
214 2222 A 10
215 2863 C 2
216 2663 B 3
217 1854 C 4
218 1806 A 9
219 1528 B 6
220 2024 B 6
221 1362 C 6
222 1962 C 1
223 1319 C 1
224 1148 C 2
225 1299 B 8
226 1007 C 10
227 1042 A 6
228 1193 B 2
229 1015 B 2
230 1925 A 4
231 1730 C 8
232 2990 B 8
233 1241 B 9
234 2654 C 3
235 2130 C 4
236 1466 B 10
237 1244 C 9
238 1997 C 9
239 1466 B 6
240 1979 C 6
241 2518 C 1
242 1230 A 9
243 1553 B 5
244 2612 C 9
245 1656 B 1
246 1886 B 6
247 1362 B 8
248 2575 A 8
249 1594 A 6
250 1484 C 1
251 2122 A 7
252 1324 A 5
253 1841 B 5
254 1660 B 5
255 879 B 5
256 1846 A 3
257 1548 A 9
258 2540 B 2
259 1240 B 8
260 1938 C 3
261 1180 C 7
262 1826 B 6
263 1184 A 8
264 1165 B 1
265 1798 A 6
266 2905 B 1
267 826 C 4
268 1265 A 5
269 2136 C 6
270 1705 B 8
271 1780 B 6
272 875 A 6
273 1421 B 3
274 1256 B 3
275 1310 A 8
276 1033 B 4
277 2157 C 2
278 1907 C 9
279 2304 B 3
280 1435 A 5
281 2317 B 8
282 2154 B 6
283 1527 B 10
284 2481 C 1
285 2738 A 7
286 1934 C 9
287 2691 A 8
288 2223 A 1
289 2312 B 4
290 2952 B 2
291 1968 C 2
292 2605 A 4
293 2440 C 4
294 2143 C 1
295 2415 A 9
296 807 C 1
297 871 B 5
298 2485 C 10
299 1718 B 6
300 2335 C 7
301 1011 C 4
302 885 B 5
303 2886 B 8
304 1337 C 7
305 2246 B 10
306 2092 C 9
307 2045 A 7
308 904 B 10
309 2808 A 4
310 2922 C 9
311 1132 B 1
312 2933 C 7
313 2507 B 8
314 1460 A 9
315 2338 C 2
316 817 C 9
317 2302 C 2
318 1705 B 3
319 2651 A 1
320 1589 A 5
321 1722 C 3
322 907 B 1
323 1474 B 7
324 1302 B 4
325 961 B 10
326 1184 A 8
327 1836 C 10
328 1888 C 10
329 2259 A 9
330 2731 C 4
331 1908 C 8
332 1497 A 6
333 850 C 5
334 2029 C 1
335 2590 C 7
336 1969 B 10
337 2342 B 7
338 1623 C 8
339 965 A 7
340 1898 B 10
341 1544 C 7
342 1830 A 3
343 918 C 9
344 1391 B 8
345 1040 B 5
346 2363 A 7
347 2700 C 7
348 1676 C 7
349 2140 C 10
350 942 C 8
351 1374 C 1
352 2260 B 2
353 1714 A 6
354 2741 C 2
355 2296 B 8
356 1274 A 2
357 2626 C 4
358 1627 B 1
359 2292 A 10
360 1312 C 5
361 1149 A 1
362 1819 A 9
363 1445 A 6
364 1438 A 1
365 1798 B 9
366 2290 B 10
367 2219 C 5
368 1919 B 1
369 1478 C 7
370 1572 B 6
371 1254 C 6
372 1397 B 5
373 1011 B 3
374 2867 C 6
375 2879 A 2
376 2031 B 1
377 2118 B 5
378 1484 B 10
379 1486 B 4
380 1710 A 8
381 1822 B 7
382 2934 B 5
383 2599 A 6
384 987 A 7
385 1585 B 8
386 1792 B 5
387 2132 C 3
388 2337 C 1
389 810 B 1
390 1115 A 10
391 1365 C 9
392 2955 B 4
393 1351 B 4
394 1285 B 10
395 2156 C 10
396 2958 B 6
397 1222 A 7
398 2177 C 8
399 2766 A 6
400 1655 C 7
401 2709 A 5
402 2247 C 10
403 1185 A 10
404 2761 B 2
405 942 C 4
406 1654 B 4
407 1583 C 2
408 1020 A 2
409 1823 B 1
410 2687 B 7
411 2868 B 2
412 1073 A 8
413 2824 C 3
414 2742 A 5
415 1348 C 7
416 2749 C 2
417 2598 B 5
418 1566 C 10
419 2033 C 7
420 2825 C 1
421 1189 B 4
422 1058 B 7
423 2689 A 1
424 2830 C 10
425 2329 C 8
426 2670 A 6
427 2227 B 6
428 2383 C 1
429 835 B 5
430 832 A 3
431 1387 C 5
432 2293 A 5
433 2160 C 3
434 1094 A 7
435 1010 C 7
436 1234 A 2
437 1425 B 1
438 2254 A 4
439 2911 C 9
440 1644 C 3
441 1458 A 7
442 1404 B 9
443 964 A 1
444 1979 C 10
445 2990 A 4
446 1069 A 1
447 1201 A 1
448 2323 B 7
449 963 B 4
450 1745 B 5
451 2496 C 7
452 2293 C 2
453 2364 C 3
454 2682 C 1
455 2965 A 7
456 2045 B 8
457 2525 C 3
458 2836 B 10
459 1357 B 10
460 1576 A 1
461 1959 A 6
462 2089 C 2
463 1820 B 6
464 1876 C 10
465 1779 B 5
466 2077 C 1
467 2825 B 2
468 2148 B 8
469 2027 C 1
470 1428 A 6
471 994 B 3
472 2947 A 8
473 1557 B 2
474 933 A 10
475 856 B 9
476 2207 C 10
477 2860 B 3
478 1404 A 5
479 1093 B 5
480 2672 A 6
481 1316 C 10
482 958 C 8
483 955 B 8
484 1476 C 8
485 1567 B 4
486 2264 B 5
487 1539 A 4
488 889 A 4
489 1293 B 10
490 2501 A 7
491 2031 C 6
492 2569 A 2
493 1478 C 9
494 2341 C 5
495 1661 A 10
496 2391 A 1
497 1147 B 4
498 1875 A 5
499 2140 C 4
500 2078 B 5
501 2119 C 1
502 1597 A 3
503 932 B 6
504 1944 B 8
505 2531 B 6
506 2259 A 7
507 1873 A 10
508 1064 C 5
509 1950 B 9
510 1092 C 10
511 1357 B 9
512 1644 B 7
513 1141 C 4
514 2820 B 1
515 1511 C 9
516 2202 A 9
517 2185 C 1
518 1204 C 2
519 2077 A 6
520 2913 B 10
521 1265 A 1
522 2784 A 9
523 1148 A 8
524 2979 A 10
525 1815 B 6
526 2304 B 3
527 1349 A 5
528 2703 A 7
529 1934 A 4
530 2539 A 8
531 1097 B 10
532 1591 A 8
533 1650 B 4
534 2107 C 5
535 1650 A 9
536 1630 C 6
537 920 C 5
538 1382 C 9
539 1725 A 8
540 1759 A 2
541 1466 B 2
542 2080 A 6
543 1979 C 5
544 1376 B 8
545 1846 A 9
546 2907 A 9
547 972 A 6
548 1743 A 2
549 1008 A 9
550 1189 B 2
551 1269 A 8
552 863 A 2
553 1893 A 7
554 2763 C 5
555 2857 C 6
556 1506 C 7
557 816 B 10
558 996 C 1
559 818 C 5
560 2339 A 3
561 2363 B 4
562 1278 B 5
563 922 B 9
564 1781 C 8
565 2671 C 8
566 1482 C 8
567 1536 B 5
568 1711 C 1
569 1716 B 4
570 1028 C 5
571 886 C 4
572 2190 B 2
573 2584 A 5
574 1445 A 9
575 2505 A 1
576 1156 A 7
577 1696 C 9
578 1550 B 7
579 2340 A 7
580 2192 C 2
581 1522 A 1
582 838 C 2
583 2940 A 5
584 2119 A 10
585 1773 C 6
586 1821 B 10
587 1202 C 8
588 1678 C 7
589 1251 B 1
590 1877 B 7
591 1884 C 2
592 2905 A 1
593 1738 A 3
594 2230 C 8
595 2038 B 7
596 1926 B 3
597 2623 C 1
598 2282 C 7
599 2772 C 9
600 2638 B 10


